65,31,477,31,477,91,65,91,State Of Qatar
32,127,488,127,488,186,32,186,Residency Permit
29,287,154,287,154,330,29,330,ID.No:
26,366,161,366,161,412,26,412,D.O.B:
27,452,158,452,158,504,27,504,Expiry:
24,630,239,630,239,681,24,681,Nationality:
29,717,252,717,252,767,29,767,Occupation:
21,913,445,913,445,957,21,957,Name: Kelly Joseph Rocha
383,283,713,283,713,331,383,331,96710128346
390,371,630,371,630,417,390,417,04/07/1981
392,452,627,452,627,497,392,497,01/12/2021
379,545,656,545,656,601,379,601,ﺔﻴﻜﻳﺮﻣﻷﺍ ﺍﻮﻣﺎﺳ
542,633,869,633,869,675,542,675,American Samoa
602,710,711,710,711,767,602,767,ﻪﺒﻟﺎﻃ
1097,20,1376,20,1376,107,1097,107,ﺮﻄﻗ ﺔﻟﻭﺩ
1126,121,1439,121,1439,192,1126,192,ﺔﻣﺎﻗﺇ ﺔﺼﺧﺭ
864,278,1126,278,1126,335,864,335,:ﻲﺼﺨﺸﻟﺍ ﻢﻗﺮﻟﺍ
893,364,1116,364,1116,421,893,421,:ﺩﻼﻴﻤﻟﺍ ﺦﻳﺭﺎﺗ
943,444,1139,444,1139,500,943,500,:ﺔﻴﺣﻼﺼﻟﺍ
956,535,1105,535,1105,590,956,590,:ﺔﻴﺴﻨﺠﻟﺍ
997,707,1112,707,1112,762,997,762,:ﺔﻠﻬﻤﻟﺍ
993,788,1524,788,1524,857,993,857,ﺎﺷﻭﺭ ﻒﻳﺯﻮﺟ ﻲﻠﻴﻛ :ﻢﺳﻻﺍ